0 0 0.9376 64 128 50 0.001 150 1 True 0.97 0.7052 0.2923 0.5421 [0, 1, 2, 3, 4, 5, 6, 7] [1.1e-05, 5e-06, 2e-05, 1.7e-05, 7e-06, 1.8e-05, 5e-06, 5e-06] [1e-06, 1e-06, 1e-06, 2e-06, 1e-06, 2e-06, 1e-06, 1e-06] 版本备注: ./models/Vgg/version0_vgg16_after_model_0.pkl
0 0 0.9375 64 128 50 0.001 150 1 True 0.97 0.7052 0.2923 0.5421 [0, 1, 2, 3, 4, 5, 6, 7] [1.1e-05, 5e-06, 2e-05, 1.7e-05, 7e-06, 1.8e-05, 5e-06, 5e-06] [1e-06, 1e-06, 1e-06, 2e-06, 1e-06, 2e-06, 1e-06, 1e-06] 版本备注: ./models/Vgg/version0_vgg16_after_model_0.pkl 

0 0 0.9375 64 128 50 0.001 150 1 True 0.97 0.7052 0.2923 0.5421 [0, 1, 2, 3, 4, 5, 6, 7] [1.1e-05, 5e-06, 2e-05, 1.7e-05, 7e-06, 1.8e-05, 5e-06, 5e-06] [1e-06, 1e-06, 1e-06, 2e-06, 1e-06, 2e-06, 1e-06, 1e-06] 版本备注: ./models/Vgg/version0_vgg16_after_model_0.pkl 

0 0 0.9362 128 128 50 0.001 0 1 True 0.97 0.7052 0.2923 0.5421 [0, 1, 2, 3, 4, 5, 6, 7] [9e-06, 5e-06, 4e-06, 1e-05, 6e-06, 1.1e-05, 5e-06, 5e-06] [0.0, 0.0, 0.0, 1e-06, 1e-06, 1e-06, 0.0, 0.0] 版本备注: ./models/Vgg/version0_vgg16_after_model_0.pkl 
0 1 0.9364 128 128 50 0.001 0 1 True 0.97 0.7052 0.2923 0.5421 [0, 1, 2, 3, 4, 5, 6, 7] [9e-06, 5e-06, 4e-06, 1e-05, 6e-06, 1.1e-05, 5e-06, 5e-06] [0.0, 0.0, 0.0, 1e-06, 1e-06, 1e-06, 0.0, 0.0] 版本备注: ./models/Vgg/version0_vgg16_after_model_0.pkl 
0 2 0.9365 128 128 50 0.001 0 1 True 0.97 0.7052 0.2923 0.5421 [0, 1, 2, 3, 4, 5, 6, 7] [9e-06, 5e-06, 4e-06, 1e-05, 6e-06, 1.1e-05, 5e-06, 5e-06] [0.0, 0.0, 0.0, 1e-06, 1e-06, 1e-06, 0.0, 0.0] 版本备注: ./models/Vgg/version0_vgg16_after_model_0.pkl 
0 3 0.9362 128 128 50 0.001 32 1 True 0.97 0.7052 0.2923 0.5421 [0, 1, 2, 3, 4, 5, 6, 7] [1.1e-05, 5e-06, 4e-06, 1e-05, 6e-06, 1.1e-05, 5e-06, 5e-06] [1e-06, 1e-06, 1e-06, 1e-06, 1e-06, 1e-06, 1e-06, 1e-06] 版本备注: ./models/Vgg/version0_vgg16_after_model_0.pkl 
0 4 0.9365 128 128 50 0.001 32 1 True 0.97 0.7052 0.2923 0.5421 [0, 1, 2, 3, 4, 5, 6, 7] [1.1e-05, 5e-06, 4e-06, 1e-05, 6e-06, 1.1e-05, 5e-06, 5e-06] [1e-06, 1e-06, 1e-06, 1e-06, 1e-06, 1e-06, 1e-06, 1e-06] 版本备注: ./models/Vgg/version0_vgg16_after_model_0.pkl 
0 5 0.9367 128 128 50 0.001 32 1 True 0.97 0.7052 0.2923 0.5421 [0, 1, 2, 3, 4, 5, 6, 7] [1.1e-05, 5e-06, 4e-06, 1e-05, 6e-06, 1.1e-05, 5e-06, 5e-06] [1e-06, 1e-06, 1e-06, 1e-06, 1e-06, 1e-06, 1e-06, 1e-06] 版本备注: ./models/Vgg/version0_vgg16_after_model_0.pkl 
0 6 0.9371 128 128 50 0.001 64 1 True 0.97 0.7052 0.2923 0.5421 [0, 1, 2, 3, 4, 5, 6, 7] [1.1e-05, 5e-06, 9e-06, 1.7e-05, 6e-06, 1.1e-05, 5e-06, 5e-06] [1e-06, 1e-06, 1e-06, 1e-06, 1e-06, 1e-06, 1e-06, 1e-06] 版本备注: ./models/Vgg/version0_vgg16_after_model_0.pkl 
0 7 0.937 128 128 50 0.001 64 1 True 0.97 0.7052 0.2923 0.5421 [0, 1, 2, 3, 4, 5, 6, 7] [1.1e-05, 5e-06, 9e-06, 1.7e-05, 6e-06, 1.1e-05, 5e-06, 5e-06] [1e-06, 1e-06, 1e-06, 1e-06, 1e-06, 1e-06, 1e-06, 1e-06] 版本备注: ./models/Vgg/version0_vgg16_after_model_0.pkl 
0 8 0.9367 128 128 50 0.001 64 1 True 0.97 0.7052 0.2923 0.5421 [0, 1, 2, 3, 4, 5, 6, 7] [1.1e-05, 5e-06, 9e-06, 1.7e-05, 6e-06, 1.1e-05, 5e-06, 5e-06] [1e-06, 1e-06, 1e-06, 1e-06, 1e-06, 1e-06, 1e-06, 1e-06] 版本备注: ./models/Vgg/version0_vgg16_after_model_0.pkl 
0 9 0.9366 128 128 50 0.001 80 1 True 0.97 0.7052 0.2923 0.5421 [0, 1, 2, 3, 4, 5, 6, 7] [1.1e-05, 5e-06, 9e-06, 1.7e-05, 6e-06, 1.1e-05, 5e-06, 5e-06] [1e-06, 1e-06, 1e-06, 2e-06, 1e-06, 2e-06, 1e-06, 1e-06] 版本备注: ./models/Vgg/version0_vgg16_after_model_0.pkl 
0 10 0.9367 128 128 50 0.001 80 1 True 0.97 0.7052 0.2923 0.5421 [0, 1, 2, 3, 4, 5, 6, 7] [1.1e-05, 5e-06, 9e-06, 1.7e-05, 6e-06, 1.1e-05, 5e-06, 5e-06] [1e-06, 1e-06, 1e-06, 2e-06, 1e-06, 2e-06, 1e-06, 1e-06] 版本备注: ./models/Vgg/version0_vgg16_after_model_0.pkl 
0 11 0.9367 128 128 50 0.001 80 1 True 0.97 0.7052 0.2923 0.5421 [0, 1, 2, 3, 4, 5, 6, 7] [1.1e-05, 5e-06, 9e-06, 1.7e-05, 6e-06, 1.1e-05, 5e-06, 5e-06] [1e-06, 1e-06, 1e-06, 2e-06, 1e-06, 2e-06, 1e-06, 1e-06] 版本备注: ./models/Vgg/version0_vgg16_after_model_0.pkl 
0 12 0.9374 128 128 50 0.001 100 1 True 0.97 0.7052 0.2923 0.5421 [0, 1, 2, 3, 4, 5, 6, 7] [1.1e-05, 5e-06, 9e-06, 1.7e-05, 6e-06, 1.1e-05, 5e-06, 5e-06] [1e-06, 1e-06, 1e-06, 2e-06, 1e-06, 2e-06, 1e-06, 1e-06] 版本备注: ./models/Vgg/version0_vgg16_after_model_0.pkl 
0 13 0.9374 128 128 50 0.001 100 1 True 0.97 0.7052 0.2923 0.5421 [0, 1, 2, 3, 4, 5, 6, 7] [1.1e-05, 5e-06, 9e-06, 1.7e-05, 6e-06, 1.1e-05, 5e-06, 5e-06] [1e-06, 1e-06, 1e-06, 2e-06, 1e-06, 2e-06, 1e-06, 1e-06] 版本备注: ./models/Vgg/version0_vgg16_after_model_0.pkl 
0 14 0.937 128 128 50 0.001 100 1 True 0.97 0.7052 0.2923 0.5421 [0, 1, 2, 3, 4, 5, 6, 7] [1.1e-05, 5e-06, 9e-06, 1.7e-05, 6e-06, 1.1e-05, 5e-06, 5e-06] [1e-06, 1e-06, 1e-06, 2e-06, 1e-06, 2e-06, 1e-06, 1e-06] 版本备注: ./models/Vgg/version0_vgg16_after_model_0.pkl 
0 15 0.9371 128 128 50 0.001 128 1 True 0.97 0.7052 0.2923 0.5421 [0, 1, 2, 3, 4, 5, 6, 7] [1.1e-05, 5e-06, 9e-06, 1.7e-05, 7e-06, 1.8e-05, 5e-06, 5e-06] [1e-06, 1e-06, 1e-06, 2e-06, 1e-06, 2e-06, 1e-06, 1e-06] 版本备注: ./models/Vgg/version0_vgg16_after_model_0.pkl 
0 16 0.9374 128 128 50 0.001 128 1 True 0.97 0.7052 0.2923 0.5421 [0, 1, 2, 3, 4, 5, 6, 7] [1.1e-05, 5e-06, 9e-06, 1.7e-05, 7e-06, 1.8e-05, 5e-06, 5e-06] [1e-06, 1e-06, 1e-06, 2e-06, 1e-06, 2e-06, 1e-06, 1e-06] 版本备注: ./models/Vgg/version0_vgg16_after_model_0.pkl 
0 17 0.937 128 128 50 0.001 128 1 True 0.97 0.7052 0.2923 0.5421 [0, 1, 2, 3, 4, 5, 6, 7] [1.1e-05, 5e-06, 9e-06, 1.7e-05, 7e-06, 1.8e-05, 5e-06, 5e-06] [1e-06, 1e-06, 1e-06, 2e-06, 1e-06, 2e-06, 1e-06, 1e-06] 版本备注: ./models/Vgg/version0_vgg16_after_model_0.pkl 
0 18 0.9365 128 128 50 0.001 200 1 True 0.97 0.7052 0.2923 0.5421 [0, 1, 2, 3, 4, 5, 6, 7] [1.1e-05, 5e-06, 2e-05, 1.7e-05, 7e-06, 1.8e-05, 5e-06, 5e-06] [1e-06, 1e-06, 2e-06, 2e-06, 2e-06, 2e-06, 1e-06, 1e-06] 版本备注: ./models/Vgg/version0_vgg16_after_model_0.pkl 
0 19 0.9364 128 128 50 0.001 200 1 True 0.97 0.7052 0.2923 0.5421 [0, 1, 2, 3, 4, 5, 6, 7] [1.1e-05, 5e-06, 2e-05, 1.7e-05, 7e-06, 1.8e-05, 5e-06, 5e-06] [1e-06, 1e-06, 2e-06, 2e-06, 2e-06, 2e-06, 1e-06, 1e-06] 版本备注: ./models/Vgg/version0_vgg16_after_model_0.pkl 
0 20 0.9362 128 128 50 0.001 200 1 True 0.97 0.7052 0.2923 0.5421 [0, 1, 2, 3, 4, 5, 6, 7] [1.1e-05, 5e-06, 2e-05, 1.7e-05, 7e-06, 1.8e-05, 5e-06, 5e-06] [1e-06, 1e-06, 2e-06, 2e-06, 2e-06, 2e-06, 1e-06, 1e-06] 版本备注: ./models/Vgg/version0_vgg16_after_model_0.pkl 
0 21 0.9362 128 128 50 0.001 256 1 True 0.97 0.7052 0.2923 0.5421 [0, 1, 2, 3, 4, 5, 6, 7] [1.1e-05, 5e-06, 2e-05, 1.7e-05, 1.9e-05, 1.8e-05, 6e-06, 7e-06] [2e-06, 1e-06, 2e-06, 3e-06, 2e-06, 2e-06, 2e-06, 1e-06] 版本备注: ./models/Vgg/version0_vgg16_after_model_0.pkl 
0 22 0.9361 128 128 50 0.001 256 1 True 0.97 0.7052 0.2923 0.5421 [0, 1, 2, 3, 4, 5, 6, 7] [1.1e-05, 5e-06, 2e-05, 1.7e-05, 1.9e-05, 1.8e-05, 6e-06, 7e-06] [2e-06, 1e-06, 2e-06, 3e-06, 2e-06, 2e-06, 2e-06, 1e-06] 版本备注: ./models/Vgg/version0_vgg16_after_model_0.pkl 

None, nn.ReLU(), nn.LeakyReLU(), F.relu6, nn.Sigmoid(), nn.Tanh(), nn.ELU(), nn.Hardswish()
0 0 0.8462 128 128 50 0.001 128 1 True 0.97 0.3797 0.1083 0.3613 None [0, 1, 2, 3, 4, 5, 6, 7] [1.1e-05, 5e-06, 9e-06, 1.7e-05, 7e-06, 1.8e-05, 5e-06, 5e-06] [1e-06, 1e-06, 1e-06, 2e-06, 1e-06, 2e-06, 1e-06, 1e-06] 版本备注: ./models/Vgg/version0_vgg16_after_model_0.pkl
0 1 0.8469 128 128 50 0.001 128 1 True 0.97 0.3797 0.1083 0.3613 None [0, 1, 2, 3, 4, 5, 6, 7] [1.1e-05, 5e-06, 9e-06, 1.7e-05, 7e-06, 1.8e-05, 5e-06, 5e-06] [1e-06, 1e-06, 1e-06, 2e-06, 1e-06, 2e-06, 1e-06, 1e-06] 版本备注: ./models/Vgg/version0_vgg16_after_model_0.pkl 
0 2 0.8457 128 128 50 0.001 128 1 True 0.97 0.3797 0.1083 0.3613 None [0, 1, 2, 3, 4, 5, 6, 7] [1.1e-05, 5e-06, 9e-06, 1.7e-05, 7e-06, 1.8e-05, 5e-06, 5e-06] [1e-06, 1e-06, 1e-06, 2e-06, 1e-06, 2e-06, 1e-06, 1e-06] 版本备注: ./models/Vgg/version0_vgg16_after_model_0.pkl 
0 3 0.9369 128 128 50 0.001 128 1 True 0.97 0.7052 0.2923 0.5421 ReLU() [0, 1, 2, 3, 4, 5, 6, 7] [1.1e-05, 5e-06, 9e-06, 1.7e-05, 7e-06, 1.8e-05, 5e-06, 5e-06] [1e-06, 1e-06, 1e-06, 2e-06, 1e-06, 2e-06, 1e-06, 1e-06] 版本备注: ./models/Vgg/version0_vgg16_after_model_0.pkl 
0 4 0.9369 128 128 50 0.001 128 1 True 0.97 0.7052 0.2923 0.5421 ReLU() [0, 1, 2, 3, 4, 5, 6, 7] [1.1e-05, 5e-06, 9e-06, 1.7e-05, 7e-06, 1.8e-05, 5e-06, 5e-06] [1e-06, 1e-06, 1e-06, 2e-06, 1e-06, 2e-06, 1e-06, 1e-06] 版本备注: ./models/Vgg/version0_vgg16_after_model_0.pkl 

0 0 0.9067 128 128 50 0.001 128 1 True 0.8 0.7235 0.641 0.8099 ReLU() [0, 1, 2, 3, 4, 5, 6, 7] [1.1e-05, 5e-06, 9e-06, 1.7e-05, 7e-06, 1.8e-05, 5e-06, 5e-06] [1e-06, 1e-06, 1e-06, 2e-06, 1e-06, 2e-06, 1e-06, 1e-06] 版本备注: ./models/Vgg/version0_vgg16_after_model_0.pkl 
0 1 0.9067 128 128 50 0.001 128 1 True 0.8 0.7235 0.641 0.8099 ReLU() [0, 1, 2, 3, 4, 5, 6, 7] [1.1e-05, 5e-06, 9e-06, 1.7e-05, 7e-06, 1.8e-05, 5e-06, 5e-06] [1e-06, 1e-06, 1e-06, 2e-06, 1e-06, 2e-06, 1e-06, 1e-06] 版本备注: ./models/Vgg/version0_vgg16_after_model_0.pkl 
